197
2877
1005
1005
1005
1002
568
1003
520
527
519
1001
518
1009
516
1001
516
1003
513
512
514
512
510
516
510
511
509
510
509
512
507
509
507
510
507
508
507
511
507
510
507
506
1001
506
507
506
509
506
505
507
505
506
505
1002
504
505
504
506
504
507
504
506
504
505
504
503
513
503
504
503
506
503
504
503
1001
503
504
503
506
503
504
502
503
502
509
502
503
502
504
502
503
501
502
501
505
501
502
501
503
501
502
501
504
501
502
501
503
501
502
501
1002
501
502
501
503
501
502
501
504
501
502
501
503
501
502
501
508
501
502
501
503
501
502
501
515
501
502
501
1001
501
1002
244
264
211
230
209
206
213
206
207
205
239
92
41
37
38
34
27
16
39
16
25
13
28
11
69
11
10
20
10
11
9
23
9
10
9
92
7
10
6
7
6
17
6
5
8
5
6
5
10
5
6
5
8
4
5
4
2
